429647
(79, 61, 1, 17, 119, 7, 49, 59, 43, 101, 71),
(89, 113, 77, 34, 68, 14, 98, 118, 86, 47, 103),
(11, 85, 51, 35, 102, 21, 56, 28, 2, 94, 41),
(121, 22, 44, 88, 70, 42, 112, 16, 4, 82, 53),
(55, 110, 66, 105, 80, 63, 84, 64, 8, 91, 106),
(33, 10, 100, 20, 40, 48, 96, 32, 104, 116, 58),
(25, 50, 99, 60, 120, 72, 24, 12, 52, 26, 29),
(5, 75, 15, 30, 90, 108, 36, 65, 78, 87, 13),
(115, 46, 92, 45, 18, 54, 6, 117, 39, 62, 73),
(23, 69, 95, 76, 114, 81, 27, 93, 74, 31, 97),
(83, 107, 19, 57, 38, 9, 3, 111, 37, 109, 67)

