733923
(137, 1, 41, 89, 3, 33, 11, 121, 143, 131, 97, 73),
(103, 47, 82, 123, 9, 99, 22, 117, 39, 55, 13, 107),
(37, 94, 141, 81, 27, 66, 44, 78, 110, 26, 65, 109),
(23, 111, 69, 115, 54, 132, 135, 45, 52, 130, 77, 5),
(74, 46, 138, 18, 108, 88, 90, 30, 104, 15, 75, 91),
(43, 129, 92, 6, 36, 72, 120, 60, 63, 100, 50, 25),
(86, 93, 87, 12, 24, 144, 126, 40, 20, 105, 10, 125),
(31, 62, 124, 64, 96, 48, 80, 84, 42, 140, 70, 35),
(29, 58, 116, 128, 32, 16, 112, 56, 28, 21, 98, 49),
(59, 118, 106, 4, 8, 102, 136, 114, 85, 14, 95, 7),
(101, 53, 134, 142, 2, 51, 68, 76, 57, 119, 133, 139),
(79, 127, 67, 71, 61, 122, 34, 17, 38, 19, 113, 83)

