1200319
(149, 109, 127, 37, 74, 41, 82, 166, 83, 73, 67, 61, 151),
(1, 47, 17, 111, 148, 123, 164, 2, 146, 134, 122, 71, 167),
(43, 86, 94, 34, 68, 4, 8, 119, 57, 76, 142, 19, 59),
(53, 141, 51, 102, 136, 16, 128, 64, 114, 152, 38, 118, 79),
(106, 129, 153, 6, 12, 24, 96, 32, 112, 28, 95, 133, 158),
(159, 9, 85, 18, 36, 144, 48, 168, 84, 56, 21, 14, 7),
(3, 81, 162, 54, 108, 72, 160, 126, 63, 42, 147, 98, 49),
(62, 124, 27, 135, 90, 60, 120, 80, 140, 70, 138, 92, 161),
(93, 58, 116, 45, 156, 30, 40, 132, 105, 88, 154, 69, 46),
(31, 87, 117, 78, 104, 150, 100, 20, 66, 44, 35, 77, 23),
(29, 155, 39, 52, 15, 75, 99, 165, 110, 22, 115, 137, 97),
(163, 107, 145, 26, 130, 50, 10, 91, 33, 55, 11, 101, 139),
(113, 131, 169, 13, 65, 25, 125, 143, 5, 121, 103, 89, 157)

