1912932
(1, 149, 61, 37, 111, 3, 185, 57, 38, 95, 19, 103, 191, 113),
(107, 59, 122, 183, 74, 9, 76, 171, 190, 15, 25, 125, 193, 127),
(29, 118, 177, 145, 148, 81, 152, 114, 10, 75, 117, 133, 5, 157),
(53, 159, 87, 155, 27, 162, 135, 45, 150, 50, 195, 39, 65, 169),
(31, 58, 93, 174, 18, 54, 90, 30, 100, 156, 78, 130, 175, 13),
(106, 62, 116, 186, 36, 108, 180, 60, 189, 63, 105, 52, 35, 26),
(43, 129, 124, 6, 72, 144, 120, 20, 126, 140, 104, 70, 182, 91),
(86, 123, 172, 12, 24, 48, 80, 40, 84, 42, 165, 21, 147, 143),
(82, 141, 164, 16, 192, 96, 160, 168, 112, 99, 110, 196, 98, 49),
(41, 94, 188, 8, 64, 128, 153, 132, 66, 56, 28, 14, 55, 7),
(47, 142, 2, 4, 32, 138, 102, 176, 88, 170, 33, 154, 77, 139),
(71, 178, 166, 146, 69, 184, 136, 51, 44, 85, 22, 119, 11, 181),
(89, 83, 73, 134, 158, 46, 92, 68, 115, 161, 187, 121, 101, 163),
(137, 179, 67, 79, 97, 194, 23, 34, 17, 109, 151, 167, 131, 173)

