2945122
(223, 173, 157, 131, 71, 213, 142, 3, 31, 183, 29, 61, 151, 197, 113),
(127, 41, 37, 123, 111, 155, 145, 93, 62, 87, 122, 219, 73, 1, 191),
(199, 205, 82, 74, 148, 9, 27, 186, 124, 217, 58, 177, 146, 59, 167),
(43, 129, 185, 164, 222, 81, 162, 18, 6, 174, 116, 203, 201, 118, 67),
(215, 86, 172, 15, 45, 135, 35, 54, 189, 63, 115, 207, 69, 134, 23),
(5, 25, 75, 225, 175, 90, 105, 108, 36, 12, 21, 138, 141, 46, 47),
(125, 171, 50, 150, 30, 180, 210, 216, 72, 126, 42, 147, 92, 161, 94),
(57, 10, 114, 100, 200, 60, 120, 70, 144, 168, 84, 28, 184, 188, 7),
(95, 190, 165, 99, 20, 198, 40, 140, 24, 48, 112, 196, 98, 49, 194),
(38, 76, 152, 110, 220, 132, 80, 160, 96, 192, 224, 56, 14, 159, 97),
(19, 55, 133, 153, 66, 204, 195, 117, 156, 128, 64, 16, 212, 106, 53),
(211, 209, 33, 170, 102, 88, 176, 154, 78, 182, 32, 8, 158, 214, 107),
(137, 11, 85, 51, 44, 136, 130, 77, 104, 208, 91, 4, 178, 206, 79),
(181, 193, 121, 187, 22, 68, 65, 119, 39, 52, 2, 166, 202, 89, 103),
(179, 163, 139, 17, 34, 143, 221, 13, 26, 169, 218, 109, 83, 101, 149)

