4370382
(229, 89, 101, 127, 254, 37, 2, 41, 118, 59, 194, 61, 97, 67, 197, 151),
(109, 113, 107, 178, 202, 74, 111, 82, 236, 177, 122, 134, 146, 53, 73, 223),
(103, 218, 226, 214, 129, 4, 148, 164, 123, 244, 183, 106, 201, 219, 71, 137),
(43, 206, 86, 141, 185, 205, 8, 222, 246, 6, 212, 243, 159, 142, 166, 83),
(47, 94, 188, 172, 16, 128, 256, 24, 12, 18, 162, 81, 27, 213, 249, 79),
(31, 62, 124, 248, 32, 64, 192, 96, 72, 36, 54, 152, 76, 9, 237, 158),
(235, 215, 93, 186, 80, 160, 240, 48, 144, 216, 108, 228, 114, 171, 38, 3),
(155, 116, 232, 20, 40, 30, 120, 180, 90, 135, 208, 156, 234, 117, 57, 19),
(58, 87, 174, 100, 200, 150, 225, 60, 252, 45, 190, 104, 78, 52, 39, 247),
(145, 217, 250, 50, 75, 224, 112, 168, 126, 189, 130, 195, 204, 95, 26, 13),
(29, 125, 10, 184, 15, 56, 210, 84, 176, 132, 198, 136, 102, 153, 51, 169),
(5, 25, 92, 230, 138, 140, 105, 42, 88, 63, 255, 182, 68, 133, 209, 179),
(239, 203, 46, 175, 207, 70, 28, 220, 165, 66, 170, 99, 65, 34, 221, 211),
(163, 181, 115, 69, 35, 196, 147, 110, 231, 44, 238, 85, 91, 143, 17, 139),
(241, 251, 23, 161, 245, 98, 14, 21, 154, 22, 33, 119, 187, 167, 191, 149),
(227, 173, 233, 193, 7, 49, 253, 55, 77, 242, 121, 11, 199, 157, 131, 1)

