6339915
(157, 229, 233, 1, 19, 133, 7, 49, 247, 91, 209, 13, 169, 283, 163, 197, 257),
(223, 179, 227, 259, 38, 95, 14, 98, 245, 35, 39, 26, 65, 5, 193, 173, 269),
(263, 37, 287, 185, 21, 266, 147, 117, 273, 182, 175, 52, 77, 25, 143, 167, 181),
(199, 74, 203, 57, 76, 285, 190, 196, 70, 78, 195, 104, 130, 286, 125, 11, 239),
(41, 111, 205, 171, 114, 152, 28, 105, 234, 156, 231, 260, 154, 250, 275, 221, 277),
(29, 123, 145, 148, 63, 228, 42, 56, 210, 140, 75, 208, 165, 50, 119, 55, 121),
(82, 164, 246, 222, 189, 126, 84, 112, 225, 280, 150, 99, 100, 110, 33, 22, 242),
(58, 87, 261, 174, 15, 45, 252, 168, 224, 30, 198, 200, 220, 238, 10, 161, 187),
(3, 217, 116, 232, 54, 135, 270, 90, 180, 60, 264, 132, 66, 88, 44, 85, 253),
(267, 9, 27, 243, 162, 108, 216, 144, 120, 240, 40, 20, 176, 255, 170, 115, 17),
(178, 237, 279, 81, 18, 36, 72, 288, 96, 160, 80, 204, 102, 230, 68, 34, 289),
(89, 158, 93, 155, 186, 12, 24, 48, 192, 128, 276, 153, 272, 136, 51, 206, 23),
(79, 249, 219, 62, 124, 248, 6, 32, 64, 256, 207, 138, 184, 92, 46, 254, 103),
(83, 31, 166, 201, 268, 236, 282, 235, 258, 16, 8, 215, 69, 265, 274, 194, 127),
(281, 73, 146, 134, 177, 141, 244, 188, 129, 172, 4, 212, 106, 214, 218, 137, 97),
(191, 151, 67, 262, 118, 183, 94, 213, 284, 86, 159, 278, 202, 226, 107, 109, 241),
(271, 211, 131, 59, 61, 47, 122, 71, 142, 2, 43, 139, 53, 101, 113, 251, 149)

