9054472
(191, 167, 293, 223, 59, 61, 122, 3, 305, 31, 123, 82, 41, 43, 199, 307, 263, 277),
(271, 239, 97, 37, 118, 177, 183, 295, 62, 93, 155, 129, 86, 205, 215, 257, 193, 1),
(269, 229, 107, 194, 291, 111, 244, 185, 279, 259, 246, 164, 172, 217, 25, 287, 311, 163),
(103, 83, 214, 321, 74, 236, 9, 124, 186, 310, 15, 258, 10, 261, 125, 301, 5, 179),
(89, 206, 309, 249, 235, 222, 81, 248, 135, 45, 225, 75, 50, 250, 290, 87, 145, 29),
(47, 166, 267, 141, 148, 27, 243, 162, 20, 30, 150, 100, 63, 174, 175, 116, 58, 203),
(101, 178, 94, 265, 282, 296, 54, 324, 270, 90, 300, 189, 315, 105, 232, 21, 35, 7),
(53, 303, 159, 188, 6, 18, 36, 108, 180, 60, 200, 126, 210, 294, 70, 147, 245, 49),
(202, 237, 106, 318, 12, 24, 72, 216, 240, 120, 252, 280, 140, 42, 196, 275, 98, 319),
(79, 158, 316, 212, 32, 48, 288, 144, 80, 40, 168, 84, 297, 165, 28, 231, 14, 55),
(2, 219, 201, 4, 256, 192, 96, 320, 160, 224, 112, 198, 56, 220, 110, 207, 230, 115),
(73, 146, 292, 268, 128, 64, 306, 255, 285, 234, 264, 132, 99, 276, 308, 154, 322, 77),
(67, 302, 134, 213, 16, 153, 204, 170, 312, 156, 260, 195, 66, 273, 138, 33, 69, 161),
(151, 274, 142, 284, 8, 102, 171, 228, 190, 78, 117, 176, 130, 182, 184, 92, 46, 253),
(137, 71, 218, 226, 51, 136, 272, 304, 114, 208, 238, 266, 88, 44, 91, 242, 121, 23),
(109, 113, 278, 314, 298, 68, 57, 152, 85, 104, 52, 39, 65, 286, 22, 299, 11, 283),
(233, 139, 157, 149, 262, 254, 34, 38, 76, 95, 119, 26, 133, 209, 143, 181, 241, 313),
(281, 173, 211, 131, 127, 289, 17, 323, 19, 221, 247, 187, 13, 169, 197, 317, 227, 251)

