12625061
(229, 227, 331, 173, 157, 31, 319, 5, 341, 217, 22, 242, 121, 253, 11, 23, 263, 241, 199),
(337, 283, 151, 346, 314, 62, 155, 125, 25, 275, 55, 33, 115, 69, 46, 143, 269, 293, 193),
(139, 167, 71, 302, 355, 93, 310, 203, 44, 110, 184, 230, 92, 325, 286, 77, 299, 353, 251),
(131, 29, 334, 142, 145, 124, 10, 250, 88, 220, 165, 345, 138, 154, 207, 65, 161, 169, 239),
(137, 278, 305, 213, 248, 186, 50, 75, 176, 66, 99, 276, 308, 175, 130, 322, 26, 338, 13),
(61, 262, 58, 284, 290, 279, 15, 100, 352, 132, 330, 350, 260, 231, 195, 52, 35, 187, 7),
(274, 122, 335, 116, 232, 20, 40, 200, 150, 264, 198, 297, 208, 70, 104, 245, 182, 39, 91),
(67, 183, 244, 87, 174, 348, 80, 30, 300, 225, 280, 140, 312, 156, 28, 78, 273, 14, 343),
(134, 268, 295, 4, 261, 320, 160, 60, 120, 90, 224, 112, 210, 105, 234, 196, 117, 98, 49),
(2, 201, 265, 8, 64, 256, 192, 240, 360, 180, 336, 168, 315, 56, 294, 351, 147, 209, 221),
(59, 118, 236, 354, 32, 128, 96, 288, 144, 270, 45, 252, 84, 340, 42, 170, 238, 21, 247),
(53, 106, 177, 212, 318, 16, 24, 48, 72, 216, 135, 272, 126, 189, 255, 63, 357, 85, 119),
(326, 178, 356, 159, 215, 344, 12, 36, 108, 324, 54, 190, 285, 204, 306, 68, 266, 34, 289),
(89, 298, 267, 332, 292, 172, 258, 6, 18, 162, 304, 228, 342, 136, 102, 153, 51, 133, 17),
(163, 254, 166, 249, 86, 129, 328, 246, 301, 81, 243, 152, 114, 171, 95, 235, 329, 323, 197),
(149, 83, 358, 146, 219, 316, 164, 205, 296, 222, 27, 9, 76, 282, 57, 38, 3, 361, 349),
(127, 179, 73, 43, 158, 237, 82, 123, 148, 185, 333, 287, 188, 259, 94, 141, 19, 257, 211),
(271, 223, 311, 79, 202, 206, 303, 309, 339, 74, 111, 321, 291, 218, 327, 47, 233, 277, 317),
(281, 313, 307, 347, 101, 103, 41, 113, 226, 37, 214, 194, 107, 97, 109, 1, 181, 191, 359)

