17363340
(281, 389, 269, 313, 289, 221, 17, 34, 119, 51, 247, 323, 49, 7, 239, 293, 277, 367, 263, 1),
(307, 271, 13, 169, 187, 85, 91, 68, 209, 238, 357, 14, 343, 133, 371, 361, 19, 379, 347, 373),
(331, 317, 391, 338, 77, 39, 182, 117, 273, 102, 153, 98, 147, 21, 265, 159, 3, 53, 359, 383),
(397, 143, 161, 26, 374, 35, 170, 255, 136, 351, 245, 196, 28, 266, 399, 57, 106, 254, 127, 311),
(11, 299, 65, 286, 52, 154, 78, 231, 364, 204, 306, 294, 42, 63, 95, 318, 38, 381, 393, 131),
(121, 242, 363, 322, 385, 104, 308, 340, 234, 272, 56, 392, 126, 189, 114, 171, 212, 287, 262, 107),
(23, 22, 33, 130, 195, 99, 208, 156, 70, 105, 315, 84, 378, 285, 342, 76, 9, 301, 321, 101),
(253, 55, 325, 207, 175, 260, 390, 312, 297, 210, 112, 168, 252, 190, 228, 152, 27, 329, 303, 214),
(377, 69, 44, 110, 165, 66, 350, 198, 140, 280, 224, 336, 380, 54, 304, 81, 259, 369, 123, 202),
(115, 275, 345, 88, 220, 330, 132, 264, 396, 90, 270, 135, 216, 324, 162, 243, 246, 387, 82, 41),
(46, 203, 230, 138, 276, 176, 352, 225, 60, 360, 180, 144, 72, 108, 18, 328, 258, 164, 129, 43),
(319, 25, 92, 184, 368, 75, 150, 300, 120, 240, 45, 288, 48, 36, 6, 344, 205, 172, 86, 309),
(5, 341, 125, 250, 375, 100, 200, 400, 30, 160, 192, 96, 24, 12, 333, 282, 215, 141, 327, 47),
(29, 145, 87, 290, 50, 261, 348, 40, 80, 320, 384, 64, 32, 222, 376, 188, 111, 94, 206, 103),
(197, 394, 58, 116, 232, 174, 217, 20, 15, 372, 256, 128, 370, 296, 148, 235, 249, 339, 218, 109),
(181, 362, 395, 237, 316, 10, 310, 248, 186, 279, 16, 8, 354, 185, 332, 74, 267, 226, 37, 113),
(353, 79, 158, 335, 201, 155, 268, 124, 93, 4, 244, 366, 236, 177, 356, 178, 166, 358, 83, 223),
(241, 173, 346, 334, 134, 365, 62, 292, 305, 284, 295, 183, 388, 291, 274, 302, 382, 89, 179, 257),
(227, 283, 167, 67, 314, 326, 146, 355, 219, 213, 122, 118, 194, 386, 398, 278, 151, 191, 337, 233),
(349, 251, 157, 163, 149, 73, 31, 298, 71, 142, 2, 61, 59, 97, 193, 199, 137, 139, 229, 211)

