23504405
(317, 229, 293, 433, 11, 121, 247, 133, 143, 65, 77, 338, 169, 341, 13, 403, 359, 269, 421, 283, 419),
(349, 379, 367, 361, 209, 221, 242, 363, 33, 286, 429, 26, 39, 91, 319, 49, 7, 233, 313, 227, 263),
(337, 331, 19, 187, 57, 22, 119, 266, 399, 154, 35, 52, 182, 273, 14, 155, 343, 217, 31, 251, 439),
(431, 17, 38, 299, 418, 55, 171, 325, 385, 130, 99, 231, 78, 245, 117, 98, 434, 377, 62, 401, 307),
(257, 323, 95, 374, 275, 44, 238, 357, 66, 308, 195, 104, 364, 351, 310, 147, 21, 124, 93, 1, 397),
(289, 253, 51, 76, 285, 114, 110, 165, 175, 260, 208, 297, 156, 234, 196, 441, 186, 279, 203, 413, 239),
(437, 34, 161, 190, 380, 228, 88, 342, 132, 198, 390, 312, 105, 392, 294, 372, 248, 406, 295, 427, 59),
(391, 85, 425, 152, 304, 153, 220, 440, 330, 396, 416, 70, 315, 56, 42, 28, 63, 145, 87, 177, 29),
(407, 25, 170, 255, 102, 322, 176, 352, 264, 350, 140, 210, 112, 84, 126, 189, 435, 261, 354, 58, 118),
(5, 125, 68, 136, 340, 204, 408, 306, 225, 280, 420, 336, 168, 252, 378, 290, 174, 116, 236, 329, 61),
(23, 115, 259, 250, 272, 375, 75, 150, 300, 120, 180, 270, 224, 135, 405, 348, 232, 366, 305, 183, 122),
(46, 69, 230, 345, 50, 100, 200, 400, 60, 240, 360, 90, 216, 45, 324, 162, 243, 9, 244, 371, 3),
(395, 185, 92, 184, 138, 276, 414, 80, 160, 30, 288, 144, 432, 108, 54, 81, 27, 423, 287, 411, 274),
(158, 237, 316, 370, 368, 207, 20, 40, 320, 192, 96, 48, 72, 36, 18, 376, 282, 235, 141, 381, 137),
(37, 415, 74, 148, 296, 10, 333, 15, 64, 256, 384, 24, 12, 6, 424, 318, 301, 188, 94, 339, 47),
(79, 422, 166, 332, 111, 222, 8, 16, 32, 128, 430, 410, 328, 246, 369, 212, 265, 159, 393, 254, 127),
(211, 358, 302, 249, 355, 365, 284, 426, 438, 402, 344, 205, 258, 164, 387, 123, 106, 417, 226, 53, 113),
(179, 83, 394, 382, 298, 335, 213, 292, 268, 4, 215, 172, 356, 129, 82, 404, 303, 278, 262, 131, 271),
(151, 197, 191, 326, 314, 142, 146, 219, 428, 201, 436, 388, 86, 412, 267, 309, 202, 334, 139, 353, 347),
(241, 163, 149, 71, 362, 346, 398, 134, 214, 321, 218, 327, 291, 178, 206, 386, 41, 101, 167, 311, 373),
(223, 409, 157, 181, 173, 199, 73, 67, 107, 2, 109, 194, 97, 43, 89, 103, 193, 383, 281, 277, 389)

