31349385
(257, 439, 419, 311, 127, 139, 149, 43, 157, 314, 29, 41, 302, 453, 151, 37, 313, 281, 271, 479, 421, 331),
(431, 293, 173, 131, 137, 278, 298, 417, 447, 471, 82, 123, 473, 74, 111, 3, 451, 31, 383, 433, 449, 359),
(467, 239, 97, 101, 274, 254, 411, 381, 58, 87, 205, 369, 148, 9, 185, 319, 93, 62, 407, 389, 379, 463),
(191, 233, 478, 346, 262, 393, 86, 129, 387, 164, 246, 301, 222, 333, 203, 124, 287, 377, 481, 341, 461, 277),
(163, 103, 466, 202, 291, 303, 172, 116, 145, 328, 261, 296, 444, 27, 248, 186, 279, 155, 33, 259, 121, 349),
(107, 382, 206, 194, 309, 404, 215, 258, 174, 410, 243, 81, 370, 372, 465, 310, 297, 99, 363, 242, 403, 11),
(193, 326, 214, 321, 412, 388, 344, 232, 348, 435, 54, 162, 406, 88, 198, 66, 44, 484, 434, 22, 217, 13),
(109, 386, 327, 428, 159, 477, 430, 464, 290, 18, 108, 324, 176, 396, 132, 234, 104, 351, 117, 429, 39, 143),
(53, 218, 106, 436, 212, 318, 6, 24, 36, 72, 216, 405, 352, 264, 468, 156, 165, 78, 52, 286, 338, 169),
(113, 339, 452, 4, 424, 371, 12, 48, 45, 144, 432, 135, 416, 330, 312, 208, 110, 308, 231, 154, 55, 26),
(2, 226, 219, 265, 438, 8, 128, 384, 96, 288, 90, 270, 440, 220, 378, 390, 462, 195, 364, 273, 65, 77),
(73, 146, 213, 292, 426, 32, 256, 192, 60, 480, 360, 180, 336, 252, 126, 260, 189, 130, 385, 182, 21, 91),
(71, 142, 237, 284, 474, 16, 64, 320, 30, 240, 120, 448, 168, 84, 315, 42, 275, 63, 441, 455, 374, 187),
(454, 158, 365, 316, 376, 423, 15, 80, 160, 300, 450, 224, 420, 210, 56, 105, 294, 459, 325, 147, 442, 221),
(79, 358, 395, 355, 188, 282, 10, 40, 400, 150, 225, 112, 280, 140, 408, 392, 306, 196, 418, 153, 14, 343),
(227, 394, 94, 356, 141, 470, 354, 20, 100, 200, 414, 456, 350, 342, 70, 204, 28, 102, 357, 98, 209, 49),
(179, 362, 178, 267, 332, 235, 472, 50, 75, 375, 276, 304, 228, 272, 340, 136, 255, 476, 245, 253, 247, 7),
(197, 47, 334, 166, 249, 177, 236, 366, 250, 368, 460, 207, 380, 114, 175, 171, 399, 35, 238, 51, 119, 307),
(181, 89, 482, 398, 445, 118, 244, 329, 402, 184, 138, 345, 152, 285, 483, 170, 266, 68, 34, 299, 17, 1),
(167, 241, 83, 446, 422, 415, 295, 183, 268, 125, 92, 230, 190, 76, 322, 425, 57, 85, 133, 289, 409, 457),
(443, 263, 199, 223, 59, 458, 122, 305, 201, 413, 25, 115, 69, 475, 95, 38, 161, 391, 323, 251, 353, 347),
(269, 317, 401, 283, 211, 229, 61, 67, 134, 335, 5, 46, 427, 469, 23, 437, 361, 19, 367, 373, 337, 397)

