41170081
(401, 293, 311, 353, 269, 169, 407, 391, 143, 323, 299, 247, 121, 253, 11, 529, 23, 359, 379, 397, 503, 383, 367),
(349, 283, 461, 13, 481, 187, 338, 507, 39, 161, 133, 22, 242, 363, 33, 209, 437, 19, 361, 173, 509, 277, 373),
(409, 421, 37, 74, 111, 26, 333, 77, 286, 429, 55, 494, 484, 506, 115, 69, 46, 3, 519, 346, 163, 487, 337),
(331, 499, 221, 185, 148, 222, 374, 52, 78, 117, 322, 483, 44, 99, 418, 207, 92, 57, 517, 489, 326, 157, 271),
(521, 289, 259, 51, 442, 296, 153, 459, 154, 231, 351, 266, 399, 66, 297, 138, 95, 171, 38, 471, 314, 167, 139),
(17, 34, 91, 518, 370, 273, 444, 104, 275, 234, 110, 165, 88, 345, 230, 414, 184, 513, 329, 473, 501, 334, 149),
(7, 119, 65, 357, 182, 130, 195, 385, 308, 156, 462, 495, 132, 198, 276, 368, 342, 114, 76, 9, 417, 278, 137),
(403, 341, 238, 455, 102, 364, 63, 306, 208, 312, 468, 330, 264, 396, 460, 285, 228, 152, 27, 451, 447, 298, 47),
(527, 85, 68, 325, 476, 255, 204, 260, 390, 416, 189, 220, 528, 176, 475, 456, 190, 243, 81, 423, 141, 411, 151),
(343, 319, 21, 170, 136, 441, 510, 408, 520, 126, 378, 440, 352, 135, 405, 380, 486, 304, 282, 235, 94, 453, 274),
(49, 377, 425, 147, 272, 340, 42, 315, 84, 252, 504, 90, 270, 45, 216, 324, 162, 470, 376, 188, 129, 381, 302),
(493, 14, 98, 196, 490, 294, 105, 210, 420, 168, 336, 180, 360, 144, 432, 108, 54, 301, 258, 387, 508, 254, 127),
(217, 35, 245, 279, 28, 392, 525, 140, 280, 225, 450, 120, 240, 288, 72, 36, 18, 516, 369, 172, 86, 393, 43),
(203, 93, 434, 465, 175, 70, 350, 56, 224, 448, 300, 60, 480, 192, 96, 24, 492, 430, 344, 123, 524, 339, 131),
(31, 155, 406, 310, 186, 496, 372, 522, 112, 150, 400, 30, 160, 384, 48, 12, 6, 246, 215, 452, 327, 262, 41),
(511, 62, 145, 124, 248, 435, 261, 348, 75, 100, 200, 80, 320, 256, 128, 410, 287, 328, 164, 82, 321, 226, 113),
(29, 469, 58, 87, 116, 290, 174, 464, 375, 500, 20, 40, 64, 512, 32, 477, 498, 205, 428, 436, 218, 478, 109),
(431, 5, 497, 219, 25, 438, 232, 402, 250, 50, 10, 15, 16, 8, 318, 474, 4, 332, 249, 214, 398, 466, 239),
(389, 73, 365, 413, 292, 427, 268, 125, 426, 472, 354, 488, 366, 424, 212, 159, 316, 237, 166, 446, 358, 107, 233),
(479, 491, 146, 335, 355, 201, 213, 284, 371, 236, 244, 183, 265, 404, 356, 395, 415, 158, 394, 502, 482, 223, 199),
(347, 419, 313, 67, 134, 142, 295, 305, 177, 291, 388, 412, 445, 303, 106, 267, 362, 454, 386, 83, 251, 241, 179),
(439, 449, 467, 457, 71, 382, 458, 485, 118, 515, 122, 505, 309, 202, 178, 514, 526, 422, 79, 227, 197, 463, 317),
(307, 1, 523, 281, 191, 229, 59, 97, 61, 194, 103, 206, 2, 101, 53, 89, 257, 263, 181, 211, 193, 433, 443)

