53677949
(557, 541, 457, 397, 491, 289, 17, 11, 187, 121, 22, 119, 221, 143, 77, 26, 451, 169, 13, 509, 433, 313, 409, 373),
(461, 317, 347, 367, 383, 209, 299, 247, 51, 242, 363, 442, 33, 286, 65, 539, 338, 91, 473, 533, 443, 503, 449, 523),
(487, 353, 349, 19, 323, 34, 133, 55, 374, 561, 484, 238, 572, 154, 429, 52, 527, 507, 407, 49, 7, 467, 439, 307),
(419, 293, 361, 253, 85, 377, 418, 68, 494, 44, 325, 357, 385, 99, 231, 35, 182, 39, 341, 343, 481, 559, 571, 379),
(463, 331, 391, 319, 161, 506, 275, 266, 102, 153, 88, 476, 66, 130, 195, 455, 78, 273, 98, 205, 403, 287, 41, 563),
(569, 529, 493, 38, 425, 170, 136, 255, 110, 399, 165, 459, 308, 462, 297, 104, 364, 245, 117, 14, 574, 82, 301, 359),
(269, 437, 95, 57, 76, 322, 483, 550, 532, 220, 306, 132, 198, 260, 208, 156, 546, 351, 147, 21, 164, 215, 123, 43),
(23, 551, 69, 475, 190, 114, 171, 340, 510, 204, 330, 495, 520, 390, 416, 490, 234, 196, 410, 328, 246, 369, 259, 37),
(538, 115, 575, 203, 152, 285, 380, 272, 544, 440, 176, 264, 396, 70, 312, 468, 392, 294, 441, 430, 518, 172, 129, 86),
(5, 46, 92, 230, 345, 304, 228, 570, 342, 408, 352, 528, 140, 210, 315, 105, 42, 28, 492, 344, 258, 387, 217, 31),
(29, 25, 517, 207, 138, 460, 406, 456, 513, 175, 350, 525, 280, 420, 168, 84, 126, 189, 63, 516, 434, 185, 111, 74),
(565, 145, 125, 184, 368, 276, 552, 414, 150, 300, 120, 180, 560, 336, 504, 252, 378, 567, 555, 370, 222, 333, 93, 553),
(226, 339, 58, 290, 250, 375, 500, 200, 225, 450, 240, 360, 540, 448, 224, 112, 56, 465, 444, 296, 155, 148, 62, 511),
(113, 545, 452, 116, 435, 50, 75, 100, 400, 60, 480, 90, 270, 432, 135, 405, 310, 372, 558, 186, 279, 395, 427, 3),
(218, 515, 436, 87, 232, 464, 348, 522, 80, 160, 320, 576, 288, 144, 216, 324, 162, 496, 248, 124, 474, 316, 237, 158),
(109, 485, 327, 412, 10, 174, 261, 20, 40, 30, 45, 192, 96, 72, 108, 54, 486, 81, 27, 438, 365, 413, 219, 79),
(103, 206, 309, 505, 235, 470, 329, 15, 564, 64, 128, 384, 48, 24, 36, 18, 243, 9, 366, 549, 292, 146, 573, 73),
(97, 562, 194, 291, 388, 404, 188, 376, 282, 16, 512, 256, 32, 12, 6, 371, 354, 488, 244, 497, 183, 543, 382, 191),
(281, 566, 446, 202, 303, 94, 141, 4, 423, 8, 530, 424, 318, 477, 568, 472, 469, 531, 305, 122, 453, 471, 362, 181),
(283, 101, 466, 502, 458, 535, 415, 428, 332, 498, 534, 212, 536, 402, 284, 426, 236, 295, 177, 447, 519, 314, 61, 157),
(223, 251, 47, 482, 454, 214, 321, 445, 249, 356, 265, 335, 268, 159, 355, 508, 213, 118, 537, 489, 346, 302, 151, 337),
(233, 241, 229, 478, 386, 398, 394, 166, 178, 524, 267, 548, 106, 556, 201, 142, 381, 501, 358, 298, 59, 173, 521, 401),
(547, 239, 227, 197, 107, 526, 514, 554, 542, 262, 393, 274, 411, 134, 417, 254, 334, 422, 326, 179, 163, 149, 421, 1),
(389, 193, 199, 263, 257, 277, 271, 83, 89, 131, 2, 137, 53, 278, 67, 139, 71, 127, 167, 211, 431, 479, 311, 499)

