68943930
(557, 463, 337, 587, 521, 419, 47, 473, 451, 94, 559, 533, 517, 611, 22, 121, 143, 11, 169, 617, 619, 613, 349, 331, 563),
(379, 541, 461, 467, 41, 5, 583, 329, 235, 25, 141, 55, 605, 242, 363, 33, 65, 26, 338, 253, 13, 421, 487, 433, 593),
(367, 401, 347, 43, 545, 82, 205, 481, 125, 188, 77, 275, 423, 484, 325, 91, 286, 575, 507, 115, 187, 299, 1, 383, 571),
(409, 313, 109, 327, 215, 407, 123, 625, 470, 376, 282, 110, 44, 165, 130, 572, 429, 52, 506, 39, 598, 46, 23, 491, 509),
(601, 353, 218, 86, 287, 164, 410, 615, 369, 15, 564, 550, 455, 182, 66, 195, 99, 230, 425, 374, 161, 209, 221, 529, 389),
(499, 53, 565, 301, 129, 430, 387, 246, 250, 385, 154, 220, 88, 495, 260, 273, 104, 78, 345, 117, 561, 442, 69, 391, 569),
(113, 535, 265, 436, 172, 574, 328, 539, 50, 375, 231, 440, 330, 132, 390, 585, 297, 460, 322, 475, 418, 92, 85, 247, 17),
(107, 339, 371, 159, 602, 344, 258, 492, 500, 75, 308, 225, 176, 364, 520, 198, 156, 234, 483, 351, 184, 494, 207, 578, 289),
(226, 106, 452, 185, 530, 10, 516, 175, 100, 525, 616, 462, 352, 264, 546, 594, 208, 595, 368, 276, 170, 138, 119, 34, 437),
(37, 321, 259, 212, 318, 477, 35, 20, 350, 200, 150, 300, 450, 528, 396, 312, 468, 340, 552, 255, 414, 621, 95, 341, 323),
(214, 445, 428, 111, 424, 370, 555, 70, 105, 400, 210, 600, 60, 30, 45, 624, 416, 510, 238, 357, 190, 102, 68, 51, 403),
(7, 415, 74, 148, 518, 333, 245, 490, 140, 280, 420, 315, 120, 180, 90, 135, 476, 570, 612, 204, 285, 459, 153, 319, 19),
(623, 395, 267, 49, 296, 222, 444, 40, 80, 560, 160, 240, 480, 360, 540, 270, 405, 380, 408, 272, 306, 136, 133, 377, 361),
(178, 581, 356, 343, 534, 592, 196, 392, 294, 588, 320, 168, 504, 378, 432, 216, 532, 456, 544, 399, 342, 513, 171, 57, 527),
(89, 553, 355, 332, 498, 14, 98, 147, 112, 441, 84, 336, 252, 288, 144, 108, 324, 608, 266, 228, 152, 114, 76, 38, 3),
(83, 166, 249, 316, 305, 474, 610, 28, 56, 224, 448, 126, 96, 576, 72, 567, 162, 486, 304, 465, 243, 27, 9, 493, 589),
(79, 158, 497, 237, 284, 568, 426, 590, 21, 42, 63, 384, 192, 48, 189, 36, 54, 620, 310, 558, 81, 155, 551, 579, 386),
(71, 622, 142, 427, 365, 295, 488, 366, 549, 64, 512, 256, 24, 580, 290, 435, 18, 434, 372, 186, 279, 93, 489, 591, 31),
(311, 538, 454, 213, 511, 183, 244, 584, 438, 8, 32, 128, 12, 406, 609, 348, 522, 496, 248, 124, 217, 62, 573, 394, 193),
(269, 61, 614, 446, 122, 413, 292, 236, 472, 354, 531, 536, 16, 6, 464, 232, 174, 145, 261, 87, 537, 519, 382, 326, 197),
(227, 307, 514, 466, 502, 146, 219, 505, 485, 335, 606, 582, 402, 603, 618, 203, 116, 524, 58, 393, 543, 597, 346, 191, 163),
(257, 223, 251, 526, 478, 482, 118, 177, 469, 404, 388, 268, 4, 515, 412, 508, 596, 381, 471, 501, 358, 398, 179, 173, 599),
(577, 233, 263, 73, 554, 458, 422, 2, 202, 303, 291, 604, 201, 556, 548, 309, 411, 447, 262, 362, 29, 181, 199, 449, 503),
(479, 443, 239, 277, 241, 59, 542, 566, 562, 194, 134, 302, 453, 417, 206, 254, 298, 314, 586, 334, 131, 167, 359, 431, 317),
(607, 523, 397, 229, 211, 271, 283, 281, 101, 97, 67, 151, 278, 139, 274, 103, 137, 127, 149, 157, 293, 439, 547, 373, 457)

