87785160
(577, 379, 503, 487, 563, 521, 17, 13, 221, 169, 26, 323, 187, 133, 247, 143, 493, 377, 361, 19, 647, 433, 353, 439, 491, 409),
(593, 367, 661, 349, 397, 289, 7, 517, 589, 91, 338, 39, 646, 65, 494, 77, 38, 391, 299, 209, 11, 463, 653, 617, 571, 619),
(389, 557, 347, 631, 611, 578, 119, 341, 442, 85, 507, 539, 374, 266, 286, 429, 76, 418, 57, 95, 22, 551, 121, 523, 401, 673),
(383, 431, 337, 527, 403, 343, 34, 637, 663, 52, 676, 35, 561, 425, 399, 665, 325, 598, 627, 161, 242, 203, 437, 499, 461, 467),
(641, 311, 674, 329, 49, 407, 51, 238, 182, 595, 273, 455, 130, 532, 572, 154, 152, 190, 171, 484, 363, 605, 559, 319, 509, 599),
(239, 47, 622, 481, 235, 14, 68, 357, 245, 104, 170, 78, 117, 195, 304, 231, 385, 114, 285, 406, 475, 33, 638, 253, 29, 457),
(269, 31, 629, 217, 658, 98, 136, 476, 153, 364, 546, 255, 260, 608, 308, 650, 380, 88, 322, 609, 44, 506, 55, 58, 667, 23),
(331, 478, 94, 533, 451, 21, 147, 102, 208, 416, 340, 156, 520, 616, 462, 228, 342, 570, 513, 483, 110, 275, 116, 87, 145, 529),
(257, 538, 141, 155, 434, 470, 196, 272, 204, 459, 490, 510, 234, 390, 585, 456, 175, 644, 66, 165, 99, 232, 290, 301, 46, 473),
(662, 259, 188, 376, 282, 651, 28, 544, 408, 306, 624, 312, 468, 351, 352, 176, 132, 440, 220, 550, 580, 174, 435, 575, 115, 5),
(514, 62, 93, 518, 423, 564, 310, 392, 294, 588, 612, 70, 140, 105, 350, 264, 660, 330, 495, 464, 348, 602, 230, 261, 69, 671),
(37, 623, 287, 124, 248, 186, 465, 620, 441, 42, 168, 560, 280, 210, 528, 525, 396, 198, 297, 522, 460, 345, 92, 625, 25, 649),
(89, 74, 445, 185, 279, 496, 372, 56, 112, 84, 336, 252, 420, 630, 315, 400, 594, 552, 368, 276, 184, 138, 207, 125, 427, 215),
(178, 581, 111, 148, 574, 592, 370, 558, 224, 448, 672, 504, 378, 240, 120, 600, 300, 200, 500, 414, 250, 621, 645, 430, 583, 86),
(2, 267, 356, 534, 296, 222, 444, 555, 63, 189, 126, 567, 320, 480, 360, 180, 450, 150, 100, 375, 50, 344, 387, 172, 129, 43),
(41, 614, 553, 164, 205, 333, 410, 666, 615, 96, 576, 288, 640, 160, 540, 60, 90, 675, 225, 75, 516, 258, 610, 413, 305, 122),
(307, 562, 82, 415, 664, 328, 656, 492, 128, 384, 192, 144, 432, 648, 80, 270, 30, 135, 45, 15, 488, 590, 549, 295, 183, 655),
(83, 586, 166, 332, 123, 498, 246, 369, 512, 256, 48, 72, 216, 108, 324, 40, 405, 20, 10, 472, 354, 366, 244, 177, 565, 61),
(281, 526, 458, 249, 511, 316, 632, 474, 16, 32, 64, 24, 36, 54, 162, 486, 243, 636, 371, 530, 531, 236, 524, 118, 393, 59),
(293, 566, 454, 158, 668, 237, 395, 497, 584, 8, 469, 6, 12, 18, 670, 81, 27, 424, 318, 477, 452, 265, 635, 339, 262, 131),
(263, 79, 554, 334, 501, 596, 4, 292, 438, 657, 568, 426, 536, 402, 603, 582, 9, 606, 212, 508, 159, 505, 381, 226, 53, 113),
(283, 229, 466, 502, 298, 447, 652, 548, 219, 365, 284, 639, 268, 654, 642, 335, 618, 404, 485, 515, 106, 254, 669, 446, 223, 443),
(227, 277, 167, 626, 542, 326, 489, 146, 604, 628, 556, 355, 436, 428, 388, 412, 545, 535, 303, 202, 579, 633, 422, 127, 373, 359),
(233, 251, 313, 149, 634, 482, 274, 543, 411, 453, 142, 213, 134, 201, 327, 321, 291, 309, 573, 519, 597, 386, 193, 211, 659, 421),
(601, 547, 271, 317, 163, 73, 362, 302, 314, 278, 471, 417, 591, 218, 214, 194, 206, 537, 382, 346, 398, 101, 199, 449, 1, 613),
(479, 569, 419, 241, 181, 137, 151, 157, 139, 71, 197, 394, 67, 3, 109, 107, 358, 97, 103, 179, 191, 173, 541, 587, 607, 643)

