110773592
(569, 709, 457, 499, 617, 131, 127, 139, 61, 278, 417, 635, 695, 29, 667, 46, 671, 5, 551, 23, 529, 661, 641, 487, 727, 479, 421),
(719, 613, 431, 197, 239, 137, 262, 254, 381, 655, 122, 305, 58, 145, 649, 69, 625, 115, 25, 319, 713, 437, 383, 397, 503, 449, 409),
(659, 491, 229, 233, 59, 478, 274, 393, 685, 183, 556, 87, 427, 203, 725, 92, 125, 575, 161, 93, 155, 62, 253, 31, 599, 677, 601),
(607, 223, 109, 466, 394, 717, 411, 524, 508, 244, 116, 610, 290, 207, 345, 230, 279, 186, 638, 124, 475, 57, 95, 589, 361, 577, 653),
(211, 193, 458, 687, 699, 591, 545, 295, 549, 366, 261, 435, 621, 138, 184, 250, 50, 465, 171, 310, 506, 377, 493, 722, 341, 19, 547),
(191, 113, 446, 669, 218, 118, 177, 548, 488, 10, 174, 580, 414, 375, 460, 558, 513, 620, 248, 285, 190, 76, 682, 38, 391, 209, 379),
(199, 422, 633, 579, 327, 565, 531, 413, 590, 232, 522, 75, 276, 368, 690, 483, 372, 322, 496, 114, 152, 275, 627, 55, 217, 527, 11),
(107, 386, 573, 226, 535, 436, 236, 354, 15, 464, 348, 609, 406, 552, 500, 644, 342, 228, 570, 380, 651, 434, 598, 418, 605, 299, 121),
(227, 382, 597, 339, 452, 654, 9, 472, 708, 45, 696, 675, 225, 150, 100, 684, 456, 608, 304, 550, 99, 110, 665, 363, 242, 22, 403),
(71, 398, 214, 321, 355, 678, 27, 81, 20, 135, 30, 90, 450, 300, 200, 297, 198, 495, 330, 220, 165, 399, 726, 484, 33, 133, 323),
(454, 681, 213, 428, 639, 642, 710, 243, 162, 405, 270, 60, 180, 600, 400, 594, 396, 660, 440, 175, 532, 66, 266, 44, 425, 646, 247),
(241, 723, 142, 284, 335, 426, 729, 486, 324, 648, 40, 540, 360, 120, 525, 700, 350, 264, 132, 176, 650, 88, 385, 325, 561, 494, 187),
(482, 3, 201, 365, 603, 568, 670, 54, 108, 216, 432, 80, 720, 240, 315, 105, 528, 352, 693, 510, 459, 231, 255, 170, 715, 374, 85),
(67, 519, 134, 268, 657, 402, 6, 18, 36, 72, 144, 160, 480, 630, 420, 210, 704, 585, 462, 680, 308, 340, 154, 153, 429, 77, 143),
(346, 489, 692, 219, 497, 438, 536, 12, 48, 567, 288, 320, 378, 504, 560, 140, 70, 612, 390, 616, 306, 195, 572, 595, 286, 51, 703),
(173, 326, 146, 652, 292, 711, 584, 32, 24, 96, 576, 640, 126, 252, 280, 702, 468, 520, 408, 260, 204, 130, 102, 35, 68, 65, 34),
(73, 543, 537, 724, 395, 469, 474, 16, 128, 192, 384, 189, 672, 336, 168, 624, 351, 234, 490, 544, 714, 476, 357, 539, 663, 578, 221),
(163, 362, 447, 716, 237, 316, 632, 8, 64, 256, 512, 63, 448, 224, 84, 588, 312, 156, 546, 117, 272, 455, 136, 238, 442, 119, 289),
(181, 358, 501, 158, 596, 4, 511, 534, 387, 516, 645, 430, 42, 112, 441, 294, 416, 208, 728, 364, 78, 245, 52, 39, 26, 407, 17),
(179, 562, 298, 453, 668, 604, 445, 712, 498, 258, 688, 705, 21, 56, 28, 666, 392, 196, 555, 104, 273, 182, 676, 507, 338, 629, 13),
(149, 79, 334, 302, 471, 628, 356, 415, 664, 344, 423, 564, 470, 636, 492, 444, 615, 147, 410, 370, 686, 473, 637, 91, 451, 169, 557),
(281, 167, 634, 566, 314, 267, 553, 332, 606, 172, 215, 282, 602, 318, 656, 530, 592, 222, 333, 98, 518, 185, 517, 583, 697, 619, 563),
(317, 151, 622, 502, 542, 178, 249, 404, 505, 129, 582, 618, 376, 477, 369, 246, 328, 296, 574, 14, 205, 343, 49, 533, 481, 701, 587),
(311, 283, 157, 626, 674, 554, 166, 303, 623, 86, 388, 141, 188, 235, 424, 658, 164, 265, 148, 111, 74, 259, 689, 7, 673, 439, 443),
(367, 251, 271, 337, 89, 698, 514, 526, 202, 291, 581, 485, 412, 301, 515, 212, 329, 123, 559, 287, 611, 614, 37, 389, 463, 461, 647),
(631, 433, 313, 277, 349, 83, 101, 694, 718, 706, 194, 707, 309, 94, 679, 159, 106, 82, 371, 662, 41, 331, 307, 1, 541, 691, 523),
(521, 683, 593, 643, 257, 263, 347, 359, 353, 97, 43, 2, 206, 103, 47, 721, 538, 586, 53, 269, 293, 373, 571, 419, 509, 401, 467)

