1101526
(90, 105, 42, 99, 44, 64, 98, 117, 114, 48, 120),
(108, 102, 12, 26, 85, 95, 111, 27, 20, 36, 112),
(40, 28, 119, 8, 94, 23, 13, 118, 77, 92, 110),
(50, 58, 93, 7, 3, 83, 79, 53, 6, 34, 104),
(75, 22, 4, 43, 71, 109, 101, 31, 82, 87, 35),
(39, 38, 29, 103, 73, 1, 67, 107, 19, 25, 33),
(52, 115, 37, 41, 97, 89, 61, 5, 86, 10, 32),
(24, 16, 9, 121, 2, 113, 47, 11, 69, 21, 45),
(56, 55, 46, 106, 59, 17, 62, 74, 14, 116, 100),
(96, 66, 57, 81, 49, 65, 91, 15, 51, 54, 30),
(60, 80, 70, 63, 18, 68, 76, 88, 78, 72, 84)

