1936040
(60, 96, 42, 78, 104, 124, 28, 24, 40, 112, 90, 144),
(132, 54, 75, 69, 38, 22, 49, 81, 33, 68, 100, 70),
(36, 65, 143, 58, 87, 47, 142, 86, 85, 46, 63, 105),
(102, 57, 10, 9, 19, 53, 37, 31, 134, 123, 55, 88),
(45, 27, 8, 5, 2, 1, 113, 131, 23, 122, 14, 128),
(92, 119, 4, 41, 107, 83, 73, 101, 3, 118, 91, 20),
(35, 77, 74, 59, 79, 103, 137, 109, 43, 11, 95, 12),
(64, 26, 94, 61, 127, 139, 89, 97, 13, 111, 34, 117),
(110, 76, 129, 67, 17, 121, 7, 29, 25, 141, 51, 114),
(80, 50, 21, 93, 82, 71, 106, 125, 6, 16, 18, 130),
(126, 56, 136, 39, 15, 115, 62, 133, 116, 32, 66, 84),
(140, 72, 48, 30, 99, 98, 44, 52, 138, 135, 108, 120)

