3214810
(144, 132, 78, 42, 24, 147, 32, 153, 136, 104, 108, 84, 120),
(150, 70, 56, 20, 82, 22, 46, 15, 116, 65, 76, 80, 90),
(165, 63, 35, 34, 145, 25, 146, 166, 159, 119, 12, 100, 112),
(135, 18, 74, 111, 4, 79, 23, 11, 31, 141, 62, 77, 110),
(114, 69, 93, 121, 61, 5, 149, 43, 59, 41, 95, 39, 81),
(128, 133, 6, 47, 137, 1, 107, 151, 3, 169, 142, 26, 99),
(52, 10, 86, 67, 103, 101, 127, 97, 109, 7, 134, 115, 44),
(28, 143, 106, 71, 2, 139, 167, 131, 163, 29, 9, 38, 64),
(117, 51, 123, 13, 19, 157, 89, 113, 37, 122, 8, 57, 138),
(154, 92, 49, 125, 118, 83, 73, 17, 53, 129, 14, 98, 54),
(162, 40, 124, 27, 58, 87, 94, 158, 155, 91, 148, 75, 96),
(160, 36, 152, 68, 21, 161, 85, 16, 33, 164, 102, 105, 126),
(168, 60, 48, 130, 88, 45, 55, 50, 30, 66, 72, 156, 140)

