5187638
(120, 140, 80, 189, 170, 45, 64, 65, 114, 100, 182, 108, 90, 168),
(96, 105, 154, 75, 18, 39, 46, 33, 69, 12, 152, 184, 176, 144),
(132, 30, 153, 55, 119, 155, 49, 194, 133, 82, 148, 32, 42, 156),
(162, 68, 116, 161, 106, 134, 11, 59, 37, 6, 145, 15, 99, 196),
(186, 95, 10, 166, 169, 41, 173, 151, 79, 89, 122, 94, 124, 110),
(104, 172, 183, 4, 71, 137, 127, 149, 179, 53, 146, 141, 51, 174),
(50, 27, 111, 121, 2, 107, 101, 193, 163, 139, 13, 129, 26, 28),
(117, 57, 25, 43, 5, 167, 181, 103, 131, 1, 19, 8, 34, 175),
(128, 87, 177, 47, 73, 191, 113, 109, 157, 17, 142, 86, 93, 63),
(56, 188, 22, 178, 31, 7, 3, 67, 29, 83, 118, 143, 81, 36),
(130, 98, 38, 187, 9, 158, 97, 61, 23, 123, 14, 21, 136, 190),
(72, 78, 76, 164, 74, 58, 159, 125, 115, 185, 77, 44, 40, 195),
(84, 48, 88, 92, 91, 35, 16, 62, 85, 20, 171, 66, 70, 60),
(180, 126, 165, 112, 102, 138, 147, 52, 24, 54, 135, 160, 150, 192)

