8108011
(180, 192, 126, 72, 130, 154, 136, 147, 117, 186, 78, 208, 224, 150, 120),
(220, 84, 48, 56, 32, 33, 87, 74, 188, 164, 52, 114, 80, 108, 140),
(198, 102, 207, 91, 217, 219, 215, 25, 133, 46, 106, 116, 98, 100, 132),
(135, 54, 81, 86, 125, 218, 122, 4, 107, 142, 6, 15, 111, 45, 105),
(70, 76, 143, 8, 194, 31, 17, 59, 67, 11, 166, 123, 187, 55, 88),
(75, 51, 58, 9, 121, 47, 139, 137, 149, 19, 101, 206, 119, 95, 170),
(24, 12, 185, 134, 7, 113, 181, 127, 151, 199, 79, 178, 10, 69, 184),
(92, 21, 205, 53, 23, 157, 173, 163, 197, 191, 61, 43, 159, 39, 128),
(171, 35, 213, 158, 89, 2, 1, 131, 211, 193, 29, 118, 155, 65, 152),
(30, 85, 203, 177, 103, 83, 167, 223, 179, 5, 169, 146, 161, 148, 42),
(190, 68, 209, 115, 202, 73, 13, 3, 41, 97, 71, 145, 27, 153, 189),
(176, 222, 124, 221, 129, 183, 214, 37, 109, 141, 201, 62, 18, 99, 110),
(160, 165, 50, 212, 26, 82, 94, 49, 14, 38, 57, 172, 175, 162, 204),
(200, 112, 196, 63, 20, 93, 34, 22, 16, 77, 28, 40, 182, 96, 144),
(210, 216, 156, 195, 104, 138, 64, 44, 174, 66, 36, 225, 60, 90, 168)

