12234808
(180, 144, 234, 162, 170, 30, 186, 24, 136, 182, 154, 165, 132, 140, 126, 240),
(220, 84, 195, 114, 124, 119, 35, 188, 51, 125, 76, 64, 230, 112, 108, 168),
(150, 208, 99, 171, 87, 22, 205, 235, 217, 203, 253, 95, 52, 88, 96, 200),
(105, 246, 147, 148, 58, 177, 146, 129, 202, 158, 10, 118, 39, 207, 102, 225),
(135, 98, 69, 155, 25, 194, 19, 13, 109, 11, 178, 213, 121, 12, 50, 189),
(40, 116, 46, 249, 4, 169, 53, 241, 163, 3, 37, 127, 183, 82, 32, 128),
(184, 77, 143, 8, 17, 67, 223, 1, 149, 193, 5, 83, 201, 122, 65, 36),
(152, 172, 106, 142, 103, 157, 229, 191, 227, 167, 199, 107, 226, 38, 212, 222),
(153, 111, 14, 214, 113, 197, 139, 179, 173, 251, 137, 73, 206, 86, 21, 245),
(256, 244, 247, 6, 41, 43, 151, 181, 239, 131, 2, 79, 9, 133, 243, 232),
(66, 18, 27, 237, 61, 47, 89, 211, 233, 7, 97, 31, 185, 187, 92, 78),
(70, 63, 85, 34, 254, 134, 23, 101, 71, 29, 59, 215, 221, 123, 68, 196),
(160, 56, 242, 33, 74, 49, 219, 218, 159, 166, 141, 161, 16, 20, 104, 255),
(204, 100, 42, 115, 236, 15, 26, 145, 94, 209, 62, 57, 28, 54, 80, 72),
(120, 224, 176, 190, 175, 81, 91, 55, 93, 164, 44, 174, 117, 110, 60, 90),
(252, 216, 192, 156, 48, 250, 130, 45, 75, 138, 248, 238, 231, 228, 198, 210)

