18068301
(240, 216, 220, 150, 135, 36, 170, 152, 175, 54, 230, 154, 165, 204, 140, 288, 180),
(264, 276, 105, 130, 42, 147, 116, 148, 91, 243, 119, 52, 258, 196, 112, 126, 168),
(90, 200, 104, 124, 242, 51, 134, 187, 253, 22, 15, 57, 143, 99, 114, 272, 234),
(156, 70, 64, 284, 82, 265, 201, 249, 254, 6, 25, 122, 87, 95, 279, 66, 160),
(195, 56, 32, 111, 235, 219, 202, 71, 29, 19, 137, 8, 259, 34, 188, 63, 48),
(190, 171, 236, 161, 158, 169, 109, 43, 191, 103, 59, 31, 178, 205, 39, 207, 88),
(282, 133, 16, 145, 214, 97, 263, 1, 167, 251, 257, 113, 17, 215, 26, 92, 40),
(186, 125, 86, 267, 13, 61, 181, 149, 277, 239, 223, 73, 131, 278, 62, 12, 256),
(174, 123, 106, 9, 11, 199, 233, 157, 281, 229, 211, 2, 53, 237, 58, 212, 246),
(128, 55, 217, 262, 139, 3, 173, 283, 269, 163, 179, 5, 289, 183, 287, 141, 75),
(182, 20, 46, 49, 41, 83, 193, 227, 271, 151, 241, 107, 194, 118, 21, 28, 250),
(162, 153, 69, 74, 226, 47, 37, 79, 197, 101, 7, 23, 166, 14, 65, 76, 266),
(231, 117, 85, 38, 155, 274, 206, 4, 127, 89, 67, 218, 10, 142, 81, 222, 255),
(96, 189, 44, 164, 244, 203, 159, 177, 146, 213, 185, 121, 27, 77, 245, 100, 108),
(84, 60, 136, 68, 98, 129, 33, 209, 221, 247, 94, 93, 261, 248, 138, 273, 132),
(144, 228, 225, 286, 30, 50, 18, 115, 35, 172, 268, 232, 275, 110, 208, 192, 120),
(252, 280, 198, 224, 80, 102, 238, 184, 24, 45, 78, 176, 285, 72, 260, 270, 210)

