26044979
(300, 264, 308, 90, 304, 78, 286, 104, 175, 296, 30, 310, 189, 72, 192, 324, 168, 240),
(280, 144, 198, 165, 136, 45, 98, 20, 316, 85, 32, 279, 282, 114, 273, 108, 126, 210),
(156, 220, 322, 117, 50, 164, 51, 16, 253, 209, 87, 69, 12, 76, 147, 290, 260, 306),
(204, 225, 250, 95, 57, 106, 118, 309, 25, 213, 215, 287, 142, 159, 77, 54, 135, 160),
(224, 238, 92, 244, 319, 295, 6, 254, 29, 79, 274, 249, 235, 217, 65, 116, 40, 276),
(105, 258, 242, 38, 8, 194, 61, 131, 47, 13, 37, 151, 278, 134, 86, 292, 248, 285),
(36, 28, 123, 221, 298, 101, 169, 313, 193, 197, 251, 89, 107, 202, 14, 33, 243, 196),
(256, 133, 111, 321, 218, 113, 257, 233, 173, 293, 269, 2, 97, 157, 183, 26, 212, 99),
(63, 91, 74, 267, 11, 67, 179, 307, 239, 211, 199, 241, 73, 17, 201, 299, 55, 230),
(174, 115, 187, 219, 23, 7, 191, 277, 229, 317, 271, 1, 109, 103, 177, 34, 35, 128),
(42, 81, 62, 301, 166, 43, 227, 311, 167, 281, 223, 283, 41, 226, 185, 323, 44, 222),
(170, 124, 93, 265, 314, 289, 59, 181, 163, 263, 3, 83, 149, 9, 121, 129, 68, 266),
(208, 232, 188, 146, 82, 302, 139, 137, 71, 5, 127, 53, 178, 10, 46, 119, 246, 176),
(80, 138, 245, 268, 22, 259, 206, 4, 31, 19, 262, 214, 49, 122, 125, 261, 66, 112),
(96, 130, 153, 145, 21, 27, 305, 303, 237, 291, 205, 94, 203, 39, 161, 75, 255, 200),
(320, 60, 70, 318, 207, 284, 141, 15, 247, 158, 58, 236, 172, 64, 186, 110, 84, 140),
(270, 294, 162, 195, 48, 275, 171, 155, 148, 18, 143, 52, 24, 152, 154, 132, 150, 312),
(252, 120, 216, 228, 231, 297, 190, 88, 184, 56, 102, 182, 100, 272, 234, 315, 288, 180)

