36756113
(336, 252, 315, 260, 204, 231, 195, 266, 56, 99, 54, 230, 70, 272, 200, 342, 140, 330, 360),
(264, 144, 160, 108, 238, 75, 116, 44, 161, 18, 124, 64, 296, 153, 174, 96, 60, 150, 312),
(120, 90, 135, 310, 246, 85, 145, 141, 21, 178, 26, 69, 316, 20, 344, 354, 170, 294, 324),
(308, 80, 42, 279, 91, 51, 253, 14, 213, 205, 295, 106, 221, 129, 332, 333, 152, 285, 234),
(352, 175, 275, 268, 22, 215, 339, 218, 314, 274, 173, 183, 267, 94, 86, 55, 76, 286, 276),
(192, 328, 95, 57, 259, 291, 179, 79, 13, 101, 361, 167, 83, 321, 217, 247, 12, 128, 112),
(351, 184, 188, 341, 343, 4, 37, 7, 307, 223, 191, 103, 29, 254, 201, 142, 159, 245, 273),
(250, 98, 244, 287, 206, 67, 131, 1, 293, 269, 193, 227, 73, 11, 326, 46, 292, 261, 102),
(104, 338, 16, 265, 9, 107, 61, 281, 283, 263, 317, 277, 97, 151, 59, 49, 209, 81, 186),
(222, 242, 58, 25, 298, 139, 311, 239, 359, 229, 353, 251, 271, 149, 278, 121, 74, 119, 232),
(30, 236, 38, 235, 302, 289, 2, 337, 347, 197, 199, 241, 5, 47, 202, 10, 169, 52, 36),
(138, 243, 87, 146, 219, 163, 127, 181, 257, 331, 349, 233, 31, 17, 226, 122, 125, 68, 189),
(110, 50, 284, 299, 303, 71, 109, 53, 3, 313, 211, 41, 23, 262, 327, 355, 212, 325, 297),
(345, 318, 143, 323, 203, 6, 89, 113, 43, 137, 157, 19, 358, 8, 134, 15, 164, 66, 105),
(228, 78, 256, 32, 166, 187, 249, 334, 346, 214, 194, 237, 309, 329, 82, 115, 24, 100, 176),
(198, 162, 147, 172, 177, 33, 158, 34, 185, 335, 305, 301, 319, 123, 155, 207, 88, 154, 84),
(280, 156, 304, 171, 258, 65, 35, 93, 27, 62, 118, 39, 111, 77, 45, 114, 255, 126, 350),
(300, 340, 348, 165, 182, 63, 248, 148, 92, 356, 133, 28, 282, 290, 130, 225, 132, 320, 270),
(180, 210, 216, 306, 72, 357, 196, 136, 190, 117, 40, 322, 48, 208, 224, 220, 168, 288, 240)

