51078139
(360, 378, 144, 324, 156, 224, 231, 70, 30, 54, 290, 40, 310, 208, 348, 220, 198, 315, 390, 240),
(300, 320, 140, 96, 154, 250, 117, 75, 261, 65, 185, 148, 282, 99, 152, 357, 306, 340, 168, 252),
(384, 132, 165, 135, 222, 369, 95, 236, 15, 46, 122, 268, 177, 91, 387, 376, 114, 372, 364, 264),
(380, 90, 184, 328, 243, 332, 86, 26, 217, 203, 235, 121, 391, 158, 16, 338, 275, 374, 276, 200),
(342, 345, 36, 32, 57, 34, 10, 8, 226, 362, 202, 327, 213, 343, 341, 51, 133, 325, 196, 294),
(399, 175, 50, 183, 178, 219, 309, 4, 43, 47, 127, 79, 314, 267, 335, 323, 212, 76, 322, 176),
(272, 318, 143, 27, 146, 321, 131, 23, 149, 83, 7, 37, 163, 193, 394, 142, 377, 115, 128, 112),
(110, 24, 35, 319, 291, 199, 41, 151, 331, 383, 211, 277, 3, 73, 274, 393, 74, 85, 245, 351),
(78, 124, 129, 395, 6, 17, 71, 229, 263, 337, 283, 317, 311, 139, 53, 382, 118, 39, 279, 42),
(56, 172, 194, 265, 358, 361, 2, 373, 239, 293, 251, 379, 307, 103, 173, 334, 305, 111, 77, 344),
(104, 116, 38, 82, 346, 167, 101, 349, 347, 241, 269, 1, 359, 5, 179, 214, 287, 69, 388, 246),
(238, 242, 93, 371, 201, 191, 137, 389, 271, 281, 313, 257, 223, 109, 11, 254, 14, 21, 44, 136),
(88, 98, 244, 299, 381, 278, 89, 113, 353, 367, 227, 397, 233, 289, 97, 398, 58, 159, 64, 375),
(255, 147, 161, 209, 259, 218, 197, 31, 157, 107, 67, 59, 13, 302, 339, 205, 62, 18, 171, 105),
(204, 138, 92, 284, 221, 295, 386, 326, 19, 61, 181, 29, 298, 303, 237, 253, 292, 363, 286, 108),
(352, 182, 66, 187, 123, 169, 49, 25, 262, 9, 206, 249, 355, 166, 301, 356, 81, 366, 190, 160),
(260, 195, 186, 63, 28, 125, 94, 22, 134, 215, 365, 329, 106, 247, 12, 164, 45, 368, 72, 350),
(400, 392, 225, 170, 153, 188, 316, 155, 141, 145, 87, 33, 55, 119, 52, 102, 100, 189, 150, 288),
(210, 216, 84, 385, 304, 174, 354, 296, 333, 20, 207, 68, 232, 258, 48, 162, 60, 192, 270, 280),
(336, 396, 120, 126, 234, 80, 273, 297, 370, 256, 248, 230, 266, 130, 285, 228, 308, 312, 330, 180)

