69580089
(360, 396, 390, 400, 126, 405, 429, 418, 88, 99, 426, 54, 152, 255, 112, 342, 414, 384, 312, 330, 420),
(300, 280, 320, 348, 105, 154, 186, 117, 217, 215, 76, 52, 275, 318, 282, 48, 231, 352, 340, 168, 432),
(264, 220, 108, 196, 322, 63, 20, 292, 244, 87, 123, 57, 55, 338, 333, 328, 370, 345, 60, 364, 408),
(144, 416, 162, 184, 325, 145, 177, 437, 253, 221, 407, 166, 194, 214, 35, 148, 124, 258, 375, 84, 350),
(294, 189, 310, 245, 119, 69, 82, 14, 411, 6, 291, 321, 417, 118, 34, 183, 412, 212, 102, 399, 90),
(96, 190, 344, 133, 356, 329, 415, 339, 358, 67, 211, 109, 334, 254, 355, 371, 16, 242, 153, 238, 441),
(225, 402, 188, 219, 58, 121, 362, 197, 37, 157, 79, 163, 47, 53, 398, 10, 301, 268, 92, 40, 135),
(272, 248, 32, 86, 305, 382, 71, 17, 353, 389, 283, 239, 293, 13, 193, 262, 365, 218, 95, 232, 351),
(406, 279, 77, 202, 49, 298, 59, 2, 281, 311, 419, 241, 317, 5, 173, 302, 25, 323, 91, 64, 290),
(250, 387, 236, 26, 393, 4, 127, 439, 229, 277, 337, 233, 269, 409, 11, 31, 249, 299, 65, 261, 36),
(374, 205, 316, 247, 303, 23, 89, 307, 1, 227, 359, 421, 263, 223, 101, 103, 237, 158, 93, 187, 410),
(230, 50, 141, 377, 309, 139, 151, 251, 349, 379, 397, 257, 367, 331, 41, 137, 267, 122, 12, 203, 78),
(56, 222, 436, 341, 335, 346, 29, 3, 271, 383, 313, 431, 433, 149, 191, 226, 235, 15, 404, 369, 130),
(285, 256, 85, 27, 265, 386, 61, 289, 113, 347, 401, 373, 7, 181, 19, 8, 413, 62, 81, 98, 286),
(80, 30, 28, 51, 142, 395, 9, 199, 83, 167, 97, 131, 179, 43, 394, 178, 319, 201, 68, 438, 224),
(228, 182, 246, 18, 146, 206, 287, 274, 326, 107, 361, 73, 314, 278, 343, 427, 33, 155, 376, 70, 72),
(276, 273, 175, 45, 143, 21, 94, 259, 169, 327, 422, 381, 295, 74, 46, 111, 284, 172, 42, 208, 380),
(204, 306, 110, 424, 296, 243, 185, 159, 106, 391, 403, 22, 134, 38, 39, 161, 425, 114, 368, 160, 324),
(216, 260, 165, 170, 66, 366, 164, 428, 388, 332, 213, 129, 125, 115, 423, 354, 138, 100, 150, 132, 378),
(210, 120, 192, 156, 435, 104, 207, 171, 363, 116, 44, 209, 24, 75, 128, 174, 195, 392, 200, 315, 440),
(336, 252, 270, 140, 234, 176, 357, 304, 266, 136, 147, 430, 434, 297, 385, 372, 308, 198, 288, 180, 240)

