93549483
(480, 180, 408, 476, 380, 372, 176, 484, 322, 70, 78, 430, 130, 135, 464, 385, 132, 150, 168, 440, 462, 420),
(468, 400, 192, 90, 105, 162, 406, 30, 256, 425, 44, 212, 325, 296, 153, 184, 80, 72, 350, 364, 456, 432),
(120, 198, 225, 273, 222, 472, 45, 143, 235, 77, 87, 12, 145, 243, 95, 477, 54, 399, 189, 342, 448, 252),
(144, 416, 165, 442, 328, 188, 316, 129, 106, 38, 146, 299, 82, 123, 21, 452, 333, 344, 170, 112, 414, 312),
(126, 108, 310, 402, 20, 35, 22, 62, 427, 169, 309, 482, 355, 202, 259, 437, 428, 32, 426, 375, 195, 460),
(276, 110, 282, 217, 93, 26, 206, 25, 303, 298, 43, 4, 254, 446, 267, 335, 94, 51, 68, 117, 100, 294),
(441, 102, 354, 205, 219, 122, 249, 278, 17, 151, 109, 361, 19, 229, 358, 6, 341, 33, 69, 116, 174, 96),
(345, 40, 209, 388, 301, 471, 239, 47, 191, 97, 269, 383, 137, 181, 113, 227, 393, 413, 141, 119, 56, 196),
(304, 250, 237, 218, 451, 466, 67, 167, 2, 349, 409, 283, 313, 457, 107, 79, 314, 166, 253, 91, 366, 465),
(374, 99, 185, 121, 343, 398, 193, 131, 449, 463, 277, 353, 281, 461, 139, 197, 422, 49, 481, 268, 245, 297),
(66, 148, 159, 391, 8, 59, 29, 173, 431, 389, 271, 401, 467, 433, 311, 73, 326, 415, 403, 356, 387, 136),
(266, 261, 284, 178, 411, 53, 31, 163, 479, 347, 443, 293, 367, 307, 379, 71, 346, 305, 371, 57, 124, 286),
(459, 98, 292, 323, 445, 394, 211, 7, 317, 421, 419, 331, 257, 1, 127, 199, 386, 453, 319, 436, 76, 370),
(290, 246, 65, 183, 295, 302, 23, 149, 337, 439, 251, 397, 359, 3, 5, 233, 274, 194, 118, 187, 363, 418),
(285, 128, 28, 332, 469, 321, 454, 13, 179, 83, 373, 263, 101, 61, 11, 334, 447, 14, 177, 115, 474, 255),
(405, 104, 52, 85, 158, 377, 381, 362, 223, 41, 103, 289, 89, 37, 382, 478, 395, 86, 81, 64, 410, 483),
(392, 230, 207, 161, 213, 407, 214, 339, 458, 262, 241, 157, 9, 291, 365, 287, 34, 201, 369, 438, 435, 160),
(308, 348, 351, 171, 172, 111, 226, 247, 329, 10, 327, 417, 142, 265, 58, 15, 412, 221, 475, 434, 60, 260),
(264, 224, 357, 114, 75, 50, 18, 244, 74, 27, 134, 473, 46, 16, 39, 133, 164, 376, 88, 208, 204, 384),
(390, 216, 340, 429, 175, 258, 248, 279, 155, 404, 215, 125, 55, 338, 203, 236, 63, 48, 238, 200, 234, 330),
(300, 280, 220, 228, 231, 182, 42, 36, 24, 424, 92, 423, 275, 242, 318, 186, 190, 444, 306, 324, 270, 240),
(336, 210, 378, 288, 320, 84, 455, 368, 272, 232, 147, 138, 152, 470, 154, 352, 156, 140, 315, 396, 450, 360)

