124072456
(420, 528, 440, 525, 198, 364, 276, 429, 345, 70, 256, 104, 418, 272, 399, 357, 392, 380, 308, 495, 510, 336, 504),
(480, 270, 260, 192, 132, 80, 322, 410, 243, 354, 275, 50, 172, 282, 153, 30, 351, 195, 160, 342, 324, 180, 450),
(300, 288, 234, 455, 435, 232, 128, 253, 338, 125, 249, 95, 35, 155, 215, 369, 318, 78, 130, 231, 200, 120, 432),
(312, 126, 444, 518, 36, 124, 221, 185, 237, 15, 377, 226, 34, 58, 93, 388, 212, 64, 207, 230, 72, 224, 456),
(490, 204, 250, 42, 247, 235, 213, 22, 287, 427, 265, 445, 519, 134, 142, 38, 428, 203, 242, 488, 368, 348, 140),
(522, 189, 186, 425, 404, 74, 26, 295, 471, 411, 382, 358, 458, 9, 453, 14, 158, 356, 85, 472, 258, 238, 294),
(492, 304, 366, 332, 86, 407, 343, 417, 386, 257, 17, 361, 103, 37, 422, 339, 49, 166, 57, 188, 328, 110, 208),
(441, 40, 44, 316, 319, 505, 334, 23, 163, 53, 13, 149, 19, 199, 31, 263, 327, 218, 299, 292, 68, 248, 176),
(162, 438, 77, 111, 511, 291, 47, 71, 181, 2, 311, 433, 491, 313, 5, 97, 131, 381, 329, 201, 148, 54, 135),
(374, 171, 508, 46, 469, 502, 241, 197, 431, 409, 317, 271, 439, 331, 523, 41, 73, 326, 413, 27, 524, 75, 434),
(136, 45, 284, 437, 305, 446, 239, 3, 499, 487, 277, 349, 359, 467, 421, 139, 289, 454, 501, 341, 161, 363, 66),
(102, 279, 159, 206, 309, 321, 233, 151, 1, 367, 379, 373, 397, 401, 509, 137, 157, 466, 303, 473, 412, 387, 290),
(310, 24, 129, 94, 121, 298, 227, 67, 281, 457, 383, 293, 479, 347, 449, 107, 223, 478, 169, 493, 143, 92, 175),
(459, 402, 217, 262, 365, 8, 173, 59, 419, 283, 389, 337, 461, 503, 443, 79, 251, 482, 355, 254, 187, 475, 138),
(170, 56, 20, 21, 451, 393, 127, 83, 109, 353, 463, 269, 307, 521, 89, 11, 394, 447, 517, 219, 81, 344, 154),
(496, 266, 116, 436, 391, 25, 526, 43, 113, 211, 7, 179, 191, 193, 61, 362, 6, 371, 122, 268, 333, 261, 273),
(108, 297, 376, 423, 33, 82, 178, 267, 398, 167, 229, 101, 29, 529, 4, 346, 515, 202, 183, 28, 63, 246, 156),
(516, 112, 88, 236, 55, 39, 301, 214, 489, 314, 274, 278, 302, 514, 335, 415, 62, 141, 133, 76, 245, 165, 500),
(476, 416, 484, 184, 244, 91, 87, 403, 194, 106, 395, 10, 485, 497, 146, 323, 51, 12, 259, 222, 465, 84, 315),
(400, 228, 225, 285, 406, 424, 52, 145, 123, 16, 527, 481, 118, 177, 69, 205, 18, 325, 470, 494, 372, 220, 378),
(330, 448, 414, 385, 190, 114, 117, 507, 119, 65, 209, 452, 32, 115, 164, 477, 426, 442, 182, 96, 306, 408, 210),
(462, 168, 216, 460, 255, 105, 286, 430, 152, 99, 147, 98, 296, 498, 474, 370, 506, 464, 60, 340, 384, 264, 396),
(360, 252, 390, 144, 350, 90, 405, 483, 196, 100, 48, 512, 375, 174, 513, 486, 352, 150, 320, 280, 520, 468, 240)

