163223179
(540, 432, 510, 330, 552, 204, 294, 405, 176, 154, 374, 186, 152, 513, 357, 80, 486, 522, 460, 350, 300, 570, 336, 360),
(576, 280, 440, 320, 564, 96, 435, 250, 78, 430, 424, 402, 549, 153, 36, 104, 322, 238, 516, 392, 260, 315, 396, 240),
(546, 378, 224, 84, 195, 130, 136, 99, 284, 203, 221, 95, 265, 91, 338, 44, 24, 410, 245, 266, 544, 228, 264, 252),
(210, 140, 225, 496, 375, 63, 287, 55, 141, 412, 82, 451, 299, 237, 123, 436, 259, 333, 354, 370, 399, 492, 234, 312),
(572, 90, 231, 512, 318, 244, 316, 278, 559, 166, 202, 565, 295, 301, 527, 178, 94, 508, 268, 425, 66, 345, 200, 384),
(380, 72, 275, 296, 116, 428, 46, 377, 335, 537, 554, 538, 447, 489, 417, 365, 469, 122, 129, 28, 325, 464, 385, 364),
(150, 494, 279, 253, 292, 27, 14, 393, 526, 466, 283, 61, 107, 4, 446, 382, 343, 355, 74, 524, 124, 207, 465, 567),
(416, 310, 242, 18, 15, 517, 25, 314, 31, 251, 29, 97, 127, 229, 109, 394, 334, 543, 106, 274, 217, 472, 138, 444),
(112, 470, 363, 111, 58, 49, 542, 47, 241, 101, 151, 499, 439, 5, 199, 173, 71, 9, 194, 551, 51, 68, 54, 429),
(105, 328, 185, 57, 22, 309, 454, 181, 89, 509, 433, 461, 463, 449, 389, 83, 529, 422, 411, 158, 267, 477, 426, 170),
(418, 117, 115, 249, 34, 519, 191, 361, 193, 401, 359, 349, 491, 563, 1, 3, 239, 23, 291, 413, 226, 20, 438, 297),
(175, 531, 85, 437, 545, 514, 43, 17, 521, 547, 379, 337, 373, 503, 569, 397, 73, 281, 453, 515, 38, 77, 98, 56),
(174, 92, 452, 142, 371, 562, 19, 11, 523, 353, 571, 467, 557, 311, 293, 409, 7, 257, 471, 505, 62, 209, 188, 351),
(459, 344, 32, 219, 553, 501, 137, 211, 317, 331, 431, 383, 419, 367, 307, 149, 227, 41, 8, 395, 86, 235, 498, 184),
(100, 534, 143, 213, 341, 303, 478, 13, 59, 541, 313, 479, 457, 487, 421, 163, 113, 386, 321, 407, 87, 187, 147, 304),
(162, 128, 50, 12, 323, 535, 326, 289, 179, 197, 157, 347, 443, 2, 167, 37, 271, 358, 121, 473, 183, 64, 290, 165),
(483, 222, 507, 548, 388, 427, 445, 302, 398, 79, 223, 53, 103, 233, 131, 263, 482, 415, 169, 16, 247, 45, 484, 352),
(414, 48, 232, 236, 332, 262, 118, 485, 298, 458, 139, 67, 269, 277, 502, 346, 327, 214, 391, 356, 76, 171, 70, 160),
(342, 455, 434, 366, 133, 69, 481, 254, 146, 339, 381, 362, 6, 566, 573, 10, 493, 533, 65, 161, 475, 506, 273, 558),
(400, 132, 272, 246, 539, 81, 145, 39, 218, 497, 329, 305, 511, 206, 319, 403, 33, 125, 52, 488, 248, 286, 306, 550),
(456, 308, 372, 561, 258, 536, 387, 205, 93, 21, 159, 134, 201, 26, 404, 177, 556, 423, 40, 256, 208, 126, 324, 216),
(468, 120, 198, 285, 368, 196, 261, 243, 369, 148, 119, 35, 155, 215, 212, 172, 30, 42, 282, 135, 348, 220, 144, 462),
(480, 520, 495, 532, 156, 441, 230, 518, 102, 376, 474, 575, 164, 75, 568, 406, 114, 574, 255, 276, 448, 408, 288, 560),
(504, 528, 180, 168, 490, 476, 340, 108, 189, 182, 110, 530, 88, 442, 190, 555, 60, 500, 192, 525, 270, 390, 450, 420)

