210905387
(504, 528, 450, 570, 456, 192, 522, 567, 486, 621, 513, 494, 175, 110, 196, 105, 112, 160, 460, 476, 400, 510, 546, 540, 420),
(624, 300, 120, 495, 532, 444, 609, 104, 322, 66, 75, 376, 318, 153, 354, 54, 434, 70, 561, 72, 126, 448, 288, 396, 240),
(612, 168, 234, 544, 441, 130, 296, 279, 369, 268, 578, 301, 91, 596, 20, 236, 76, 30, 136, 357, 304, 372, 260, 280, 432),
(440, 308, 156, 286, 518, 88, 52, 333, 295, 235, 21, 219, 146, 15, 303, 12, 95, 305, 474, 430, 138, 195, 90, 550, 462),
(585, 490, 297, 250, 128, 423, 404, 508, 122, 194, 589, 226, 341, 473, 493, 377, 86, 556, 77, 44, 36, 375, 96, 580, 552),
(620, 492, 464, 418, 603, 205, 57, 481, 515, 497, 339, 327, 519, 411, 214, 121, 469, 46, 436, 265, 507, 117, 135, 416, 294),
(200, 345, 282, 539, 155, 183, 391, 371, 321, 566, 538, 151, 59, 4, 446, 562, 579, 553, 178, 332, 85, 425, 370, 455, 204),
(108, 484, 344, 299, 185, 611, 581, 501, 362, 29, 73, 239, 139, 191, 19, 197, 482, 8, 262, 206, 87, 212, 488, 410, 516),
(429, 512, 568, 604, 62, 623, 169, 554, 199, 361, 127, 557, 617, 211, 229, 37, 149, 358, 25, 274, 94, 145, 328, 442, 165),
(368, 618, 116, 35, 34, 10, 489, 529, 251, 157, 563, 577, 389, 401, 367, 163, 233, 293, 398, 485, 202, 123, 292, 366, 176),
(170, 534, 625, 291, 118, 395, 514, 271, 11, 619, 571, 349, 523, 569, 509, 373, 181, 263, 314, 49, 323, 111, 81, 402, 162),
(574, 475, 133, 213, 142, 394, 311, 193, 3, 431, 503, 607, 521, 461, 547, 337, 167, 53, 454, 393, 14, 129, 253, 575, 190),
(186, 498, 187, 82, 158, 537, 307, 131, 347, 491, 457, 409, 443, 541, 467, 353, 613, 79, 61, 614, 335, 249, 161, 45, 174),
(506, 605, 18, 134, 445, 6, 41, 23, 227, 601, 421, 331, 1, 599, 317, 433, 173, 83, 89, 622, 517, 69, 287, 426, 248),
(496, 584, 387, 93, 451, 573, 526, 113, 7, 449, 463, 397, 593, 359, 439, 479, 109, 257, 542, 535, 106, 267, 143, 582, 406),
(80, 42, 188, 177, 26, 415, 586, 103, 17, 107, 379, 487, 313, 499, 383, 5, 277, 31, 382, 355, 533, 309, 92, 207, 399),
(595, 258, 64, 221, 159, 583, 343, 466, 13, 241, 223, 419, 587, 2, 179, 71, 101, 502, 565, 22, 302, 32, 242, 256, 189),
(405, 435, 171, 244, 548, 58, 505, 447, 346, 281, 67, 43, 137, 97, 269, 283, 9, 381, 413, 403, 55, 284, 40, 598, 392),
(364, 154, 102, 424, 388, 524, 74, 218, 545, 471, 458, 422, 47, 478, 334, 326, 591, 511, 559, 33, 209, 363, 232, 465, 342),
(198, 60, 290, 56, 50, 65, 51, 38, 278, 365, 597, 417, 543, 386, 453, 254, 166, 527, 141, 259, 477, 245, 310, 564, 350),
(525, 276, 231, 275, 530, 68, 203, 215, 237, 437, 319, 427, 407, 329, 289, 551, 16, 356, 119, 531, 147, 246, 385, 320, 384),
(180, 144, 224, 273, 100, 114, 24, 549, 217, 201, 428, 27, 298, 39, 452, 316, 412, 28, 148, 99, 152, 272, 500, 306, 312),
(588, 210, 140, 132, 255, 238, 610, 63, 98, 172, 338, 115, 125, 247, 164, 124, 243, 261, 222, 266, 285, 228, 572, 594, 616),
(560, 520, 378, 216, 414, 608, 483, 230, 78, 184, 606, 472, 325, 438, 536, 470, 590, 374, 592, 225, 150, 220, 264, 252, 336),
(480, 576, 330, 270, 408, 324, 380, 352, 348, 615, 555, 459, 48, 602, 182, 351, 208, 84, 558, 340, 315, 390, 468, 360, 600)

