270782304
(660, 450, 432, 390, 264, 192, 126, 348, 72, 627, 345, 196, 646, 70, 459, 442, 176, 486, 567, 200, 260, 456, 510, 560, 672, 420),
(240, 612, 270, 120, 380, 276, 112, 435, 296, 370, 186, 128, 338, 344, 117, 184, 88, 406, 182, 665, 414, 294, 324, 315, 252, 360),
(468, 288, 495, 620, 405, 266, 610, 333, 232, 332, 64, 212, 299, 259, 363, 284, 425, 75, 56, 222, 656, 285, 198, 308, 168, 624),
(462, 525, 160, 273, 110, 258, 536, 236, 18, 436, 65, 524, 213, 309, 596, 265, 85, 247, 603, 261, 104, 615, 608, 572, 640, 300),
(594, 476, 108, 561, 114, 539, 301, 119, 183, 27, 82, 341, 533, 22, 559, 437, 134, 12, 155, 76, 40, 318, 230, 564, 220, 408),
(364, 492, 651, 574, 584, 143, 652, 219, 527, 202, 413, 343, 669, 417, 274, 178, 511, 214, 39, 625, 244, 354, 245, 483, 342, 650),
(500, 272, 290, 474, 335, 628, 26, 302, 395, 597, 411, 346, 163, 394, 622, 634, 579, 278, 551, 667, 412, 477, 279, 275, 455, 350),
(444, 322, 42, 316, 55, 33, 206, 501, 339, 562, 313, 283, 23, 79, 211, 47, 554, 674, 10, 649, 94, 32, 387, 430, 357, 392),
(208, 506, 171, 133, 125, 62, 427, 6, 331, 107, 127, 191, 229, 241, 7, 19, 61, 526, 537, 415, 629, 388, 319, 498, 434, 225),
(645, 78, 507, 205, 334, 142, 453, 542, 71, 97, 233, 379, 619, 563, 461, 227, 101, 41, 538, 393, 289, 267, 77, 242, 248, 135),
(368, 590, 188, 327, 106, 445, 614, 157, 361, 5, 349, 641, 487, 421, 1, 457, 3, 251, 73, 543, 545, 58, 51, 92, 470, 351),
(170, 147, 531, 35, 74, 655, 362, 83, 179, 643, 409, 491, 449, 439, 601, 587, 347, 149, 293, 9, 635, 254, 321, 68, 438, 374),
(658, 582, 203, 303, 493, 25, 67, 89, 239, 431, 479, 521, 571, 653, 659, 523, 443, 257, 17, 382, 226, 407, 141, 20, 424, 512),
(621, 30, 423, 452, 517, 633, 514, 31, 197, 569, 367, 463, 401, 607, 353, 547, 433, 173, 43, 478, 565, 671, 291, 329, 606, 48),
(496, 642, 172, 508, 146, 485, 586, 37, 13, 509, 359, 577, 397, 499, 541, 673, 617, 11, 151, 398, 355, 611, 93, 295, 366, 190),
(189, 402, 50, 235, 166, 121, 386, 529, 269, 593, 383, 373, 631, 613, 419, 467, 557, 271, 307, 8, 371, 169, 356, 148, 654, 441),
(385, 256, 369, 578, 249, 583, 447, 502, 59, 263, 2, 647, 599, 389, 661, 503, 193, 103, 223, 471, 581, 16, 668, 575, 174, 195),
(96, 484, 534, 161, 159, 86, 14, 446, 337, 277, 199, 113, 139, 181, 137, 281, 29, 167, 422, 497, 158, 57, 253, 426, 418, 372),
(352, 638, 136, 639, 185, 15, 377, 535, 573, 454, 317, 311, 53, 109, 131, 4, 466, 662, 505, 314, 237, 287, 164, 246, 555, 90),
(224, 663, 325, 63, 116, 404, 218, 391, 515, 381, 519, 358, 482, 458, 566, 626, 591, 194, 46, 326, 428, 221, 632, 250, 297, 580),
(550, 558, 286, 102, 488, 209, 111, 87, 38, 451, 473, 553, 49, 489, 365, 623, 469, 589, 201, 604, 292, 605, 670, 154, 544, 644),
(312, 490, 84, 100, 282, 475, 549, 115, 556, 122, 34, 481, 298, 403, 262, 118, 21, 123, 305, 81, 45, 66, 238, 231, 156, 216),
(180, 320, 460, 304, 80, 152, 99, 657, 91, 187, 95, 69, 548, 129, 177, 215, 145, 28, 268, 54, 602, 310, 165, 234, 400, 210),
(336, 280, 384, 132, 636, 105, 328, 138, 568, 243, 44, 124, 217, 323, 52, 98, 24, 472, 207, 464, 429, 516, 150, 144, 378, 576),
(600, 648, 616, 585, 140, 522, 255, 465, 494, 530, 175, 618, 637, 376, 153, 664, 36, 375, 592, 609, 340, 306, 448, 546, 330, 528),
(630, 504, 588, 570, 520, 675, 228, 204, 595, 162, 130, 513, 518, 410, 598, 676, 399, 60, 416, 666, 532, 552, 440, 396, 480, 540)

