343709899
(504, 336, 546, 690, 180, 400, 140, 380, 567, 595, 483, 100, 621, 418, 374, 130, 195, 176, 108, 224, 192, 456, 264, 440, 648, 630, 720),
(480, 728, 280, 680, 308, 234, 564, 304, 48, 512, 222, 246, 426, 54, 402, 610, 590, 174, 434, 351, 231, 276, 260, 640, 288, 300, 660),
(714, 588, 312, 726, 708, 165, 658, 344, 147, 498, 711, 284, 323, 221, 549, 657, 212, 63, 261, 275, 110, 105, 486, 580, 120, 594, 450),
(396, 408, 342, 84, 322, 406, 184, 45, 164, 133, 668, 95, 404, 51, 291, 436, 724, 341, 52, 99, 36, 470, 285, 516, 306, 696, 468),
(210, 675, 558, 154, 686, 642, 507, 335, 177, 327, 551, 46, 649, 62, 86, 26, 123, 265, 259, 578, 423, 678, 175, 286, 405, 532, 270),
(693, 352, 255, 325, 637, 92, 692, 604, 493, 527, 721, 497, 581, 10, 635, 413, 121, 34, 16, 205, 115, 64, 333, 375, 272, 416, 350),
(448, 715, 170, 618, 50, 287, 57, 106, 427, 535, 393, 687, 591, 478, 597, 694, 25, 262, 559, 58, 303, 355, 584, 370, 645, 372, 476),
(620, 435, 250, 539, 299, 93, 713, 146, 669, 466, 586, 173, 167, 331, 349, 101, 526, 573, 417, 278, 38, 388, 145, 338, 602, 656, 204),
(96, 232, 632, 148, 215, 158, 194, 371, 386, 353, 89, 113, 67, 227, 163, 83, 313, 562, 9, 723, 451, 358, 652, 268, 245, 459, 392),
(208, 66, 575, 91, 267, 407, 515, 471, 502, 61, 271, 269, 683, 461, 421, 5, 277, 47, 181, 6, 395, 629, 159, 203, 75, 114, 429),
(592, 410, 369, 235, 178, 274, 411, 422, 179, 151, 3, 503, 613, 479, 449, 419, 2, 131, 97, 614, 565, 473, 33, 253, 488, 318, 368),
(555, 712, 332, 625, 481, 218, 8, 4, 283, 257, 487, 431, 563, 547, 659, 647, 673, 193, 529, 359, 633, 685, 589, 412, 98, 42, 465),
(496, 128, 68, 141, 226, 298, 482, 29, 17, 367, 379, 439, 557, 397, 571, 661, 599, 401, 149, 233, 674, 214, 611, 628, 722, 171, 638),
(494, 605, 28, 39, 517, 254, 622, 317, 107, 523, 701, 373, 691, 463, 593, 383, 499, 641, 7, 311, 634, 445, 74, 508, 247, 472, 484),
(513, 729, 319, 35, 361, 695, 447, 337, 13, 631, 467, 653, 1, 409, 677, 491, 587, 577, 73, 229, 446, 511, 202, 596, 188, 30, 230),
(80, 153, 387, 219, 118, 314, 718, 239, 307, 197, 521, 443, 727, 709, 619, 457, 607, 199, 43, 514, 454, 469, 142, 69, 356, 248, 190),
(651, 506, 477, 155, 15, 134, 681, 382, 71, 11, 433, 389, 541, 643, 719, 509, 251, 157, 41, 566, 537, 689, 27, 548, 664, 296, 189),
(72, 328, 536, 244, 201, 326, 679, 381, 79, 23, 281, 263, 601, 569, 617, 191, 127, 139, 37, 453, 122, 22, 213, 209, 534, 78, 455),
(636, 442, 207, 292, 716, 21, 707, 365, 398, 554, 137, 223, 211, 109, 53, 293, 19, 542, 394, 717, 553, 183, 87, 316, 474, 310, 444),
(228, 561, 88, 366, 301, 237, 533, 583, 543, 458, 626, 347, 59, 31, 241, 103, 538, 706, 545, 169, 667, 309, 187, 424, 104, 399, 200),
(490, 60, 266, 258, 172, 32, 556, 703, 289, 415, 699, 489, 698, 662, 579, 501, 519, 302, 391, 346, 321, 343, 425, 40, 598, 500, 144),
(525, 348, 665, 676, 117, 639, 65, 339, 94, 437, 14, 505, 655, 49, 485, 671, 623, 166, 82, 111, 217, 603, 279, 574, 663, 414, 704),
(390, 324, 666, 627, 710, 606, 76, 119, 12, 524, 362, 377, 697, 206, 403, 334, 249, 185, 55, 329, 531, 438, 363, 385, 357, 650, 216),
(432, 378, 572, 90, 297, 152, 518, 376, 44, 18, 295, 305, 125, 129, 428, 452, 85, 77, 20, 475, 670, 136, 182, 273, 294, 585, 510),
(576, 330, 315, 220, 156, 112, 290, 138, 530, 242, 236, 116, 143, 81, 161, 124, 24, 243, 654, 282, 354, 345, 160, 644, 364, 252, 684),
(600, 700, 570, 520, 320, 150, 544, 162, 682, 102, 430, 186, 582, 725, 568, 56, 256, 70, 615, 688, 608, 126, 340, 495, 616, 624, 560),
(360, 540, 528, 612, 702, 552, 550, 460, 522, 225, 135, 609, 196, 238, 646, 464, 705, 441, 492, 132, 198, 384, 168, 462, 240, 672, 420)

